FT ID AT WT ST
3  1  0  1  2
6  2  4  0  2
8  3  5  0  3
11  4  5  0  6
15  6  13  0  2
15  5  10  0  5
19  9  17  0  2
20  7  16  0  4
22  8  17  0  5
25  10  24  0  1
34  13  31  0  3
35  12  30  0  5
37  14  32  0  5
38  11  28  0  10
39  17  34  3  2
39  16  34  0  5
43  15  34  1  8
44  18  38  1  5
49  19  47  1  1
50  21  44  0  6
53  23  49  1  3
56  24  49  4  3
56  20  43  0  13
58  25  49  7  2
59  22  49  0  10
63  28  59  0  4
65  26  52  0  13
68  29  61  0  7
72  30  69  0  3
73  31  71  0  2
82  32  76  0  6
89  34  84  0  5
90  35  87  1  2
90  36  87  0  3
92  37  90  0  2
94  40  91  1  2
94  38  91  0  3
99  39  91  0  8
100  41  96  0  4
103  42  99  1  3
106  45  104  0  2
106  43  101  2  3
113  44  101  4  8
146  33  80  0  66

Orders: 44 [Norm:18, Veg:11, VIP: 15]
Cooks: [Norm:1, Veg:3, VIP: 1, INJ: 4]
Avg Wait = 0.636364, Avg Serve=4.38636
Urgent Order: 0, Auto-promoted 5.55556 %
