FT ID AT WT ST
3  6  1  0  2
4  2  1  0  3
5  8  1  2  2
6  22  2  2  2
6  5  1  0  5
6  9  1  0  5
6  4  1  0  5
7  10  1  4  2
9  13  5  1  3
9  12  5  1  3
9  1  1  0  8
10  3  1  5  4
10  11  5  1  4
12  21  2  7  3
12  7  1  6  5
13  24  10  0  3
13  14  2  7  4
14  23  8  1  5
16  18  2  10  4
16  20  2  8  6
16  19  2  10  4
20  25  12  4  4
20  26  13  1  6
21  15  2  15  4
22  16  2  16  4
24  26  17  5  2
24  28  20  0  4
25  17  2  19  4
26  29  22  2  2
28  30  25  0  3
29  32  27  0  2
30  31  26  0  4
31  33  29  0  2
32  37  30  0  2
34  36  30  0  4
34  35  30  0  4
35  38  33  0  2
35  34  30  0  5
36  39  34  0  2
41  42  39  0  2
41  41  37  0  4
41  40  35  0  6
45  43  41  0  4
46  44  44  0  2

Orders: 44 [Norm:13, Veg:10, VIP: 21]
Cooks: [Norm:2, Veg:2, VIP: 2, INJ: 2]
Avg Wait = 2.88636, Avg Serve=3.59091
Urgent Order: 6, Auto-promoted 23.0769 %
